Table found at 1;0:
   
   MRCI's End of Day Prices
Table found at 1;1:
   Daily Futures Price Listing Fri October 01, 2010;;;;;;;;;
   Most Recent Information;;;;;;;Previous Day;;
   Mth;Date;Open;High;Low;Close;Change;Volume;Open Int;Change
   Soybeans(CBOT);;;;;;;;;
   Nov10;101001;1105.50;1106.50;1053.50;1057.00;-49.75;104,151;300,679;-148
   Jan11;101001;1115.00;1115.25;1064.00;1066.75;-49.00;35,925;140,396;+1,771
   Mar11;101001;1122.00;1124.50;1073.00;1075.00;-47.75;10,676;41,900;+996
   May11;101001;1122.75;1123.75;1077.00;1078.25;-46.50;6,752;47,216;+693
   Jul11;101001;1127.50;1127.75;1081.00;1082.50;-45.25;6,708;31,052;-485
   Aug11;101001;1115.00;1115.00;1074.75;1074.75;-43.75;66;539;+18
   Sep11;101001;1057.50;1099.00;1057.50;1057.50;-41.50;24;340;+0
   Total Volume and Open Interest;;;;;;;170,730;606,536;+3,028
   Soybean Meal(CBOT);;;;;;;;;
   Oct10;101001;301.50;301.60;285.70;285.70;-16.40;14,642;7,369;-3,910
   Dec10;101001;306.80;306.80;289.00;289.90;-17.00;47,783;127,297;-703
   Jan11;101001;308.30;308.30;291.50;291.50;-17.10;3,986;17,462;-380
   Mar11;101001;311.00;311.00;294.30;294.30;-16.90;3,238;14,871;+288
   May11;101001;311.90;311.90;295.50;295.50;-16.60;2,971;15,676;+568
   Jul11;101001;312.70;313.00;296.70;296.70;-16.30;2,216;10,596;+312
   Aug11;101001;307.20;309.80;293.90;293.90;-15.90;149;2,008;+28
   Sep11;101001;302.00;304.00;288.60;288.60;-15.40;86;1,543;+2
   Total Volume and Open Interest;;;;;;;75,994;203,706;-3,715
   Soybean Oil(CBOT);;;;;;;;;
   Oct10;101001;44.71;44.80;43.35;43.49;-1.21;23,933;10,815;-3,301
   Dec10;101001;45.09;45.24;43.66;43.83;-1.26;65,986;189,802;+332
   Jan11;101001;45.35;45.50;44.00;44.13;-1.26;7,165;42,289;+627
   Mar11;101001;45.55;45.65;44.25;44.35;-1.25;5,363;30,664;+302
   May11;101001;45.68;45.85;44.34;44.45;-1.25;3,832;18,139;+150
   Jul11;101001;45.77;45.90;44.44;44.57;-1.24;2,548;13,789;+44
   Aug11;101001;45.65;45.65;44.62;44.63;-1.21;18;897;-7
   Sep11;101001;45.74;45.74;44.67;44.69;-1.18;11;572;+0
   Total Volume and Open Interest;;;;;;;109,401;317,040;-2,034
   Canola(WCE);;;;;;;;;
   Nov10;101001;477.2;482.5;465.2;468.0;-10.4;12,590;87,250;-5,947
   Jan11;101001;484.4;486.5;472.0;475.3;-10.3;6,282;55,276;+513
   Mar11;101001;488.9;489.4;478.3;481.8;-10.1;950;6,798;+253
   May11;101001;492.0;492.0;481.3;485.1;-9.0;42;2,721;+0
   Jul11;101001;493.5;493.5;482.0;484.8;-10.6;333;7,051;+296
   Total Volume and Open Interest;;;;;;;20,562;163,617;-4,803
   Corn(CBOT);;;;;;;;;
   Dec10;101001;494.75;494.75;465.75;465.75;-30.00;209,526;739,447;-6,056
   Mar11;101001;507.50;507.50;478.25;478.25;-30.00;47,272;319,288;+3,644
   May11;101001;513.50;513.50;484.00;484.00;-30.00;13,212;60,172;+1,517
   Jul11;101001;517.50;517.50;487.50;487.50;-30.00;20,718;121,325;+2,077
   Sep11;101001;495.00;495.00;467.75;472.00;-23.25;3,119;23,401;+359
   Dec11;101001;481.25;482.25;459.50;460.75;-20.50;27,836;151,714;+1,150
   Total Volume and Open Interest;;;;;;;324,598;1,452,658;+3,077
   Wheat(CBOT);;;;;;;;;
   Dec10;101001;674.00;678.25;646.50;655.00;-19.00;57,177;252,628;-3,734
   Mar11;101001;707.25;711.00;680.75;688.50;-18.50;21,294;81,853;+2,217
   May11;101001;718.50;721.75;696.25;703.25;-15.50;4,118;26,094;+543
   Jul11;101001;714.75;719.25;694.25;702.00;-10.75;4,210;76,910;+139
   Sep11;101001;722.25;722.25;705.00;712.25;-9.75;592;10,744;+91
   Total Volume and Open Interest;;;;;;;88,978;494,590;-182
   Wheat(KCBT);;;;;;;;;
   Dec10;101001;708.75;712.75;684.00;689.25;-18.50;16,629;97,308;-3,170
   Mar11;101001;722.25;724.25;698.50;703.00;-19.25;8,043;68,304;+23
   May11;101001;727.75;727.75;704.75;708.50;-17.00;3,229;9,296;-83
   Jul11;101001;727.25;727.25;702.75;707.50;-14.00;1,775;29,585;-39
   Sep11;101001;725.00;725.00;709.25;712.50;-11.50;112;3,953;+45
   Total Volume and Open Interest;;;;;;;29,920;213,603;-3,253
   Wheat(MGE);;;;;;;;;
   Dec10;101001;721.00;724.75;700.25;706.00;-15.00;5,737;24,742;-830
   Mar11;101001;735.50;736.50;713.50;719.75;-16.00;1,068;19,592;+93
   May11;101001;740.00;742.50;719.75;725.50;-11.75;379;3,950;+140
   Jul11;101001;740.00;740.00;718.00;724.75;-9.50;287;7,180;-13
   Sep11;101001;724.00;724.25;709.00;714.75;-9.00;90;3,747;+40
   Total Volume and Open Interest;;;;;;;7,690;63,516;-487
   Oats(CBOT);;;;;;;;;
   Dec10;101001;341.00;349.50;332.25;333.25;-8.75;1,233;9,495;-325
   Mar11;101001;349.50;359.25;343.25;343.25;-8.00;613;2,672;+330
   May11;101001;350.50;353.25;343.75;343.75;-9.50;33;63;+2
   Jul11;101001;353.00;355.25;344.25;344.25;-11.00;0;6;+0
   Total Volume and Open Interest;;;;;;;2,233;12,755;+308
   Rough Rice(CBOT);;;;;;;;;
   Nov10;101001;12.52;12.56;12.35;12.37;-0.19;1,306;11,326;-713
   Jan11;101001;12.80;12.81;12.64;12.65;-0.19;554;3,114;+307
   Mar11;101001;13.04;13.07;12.91;12.91;-0.19;63;1,198;+16
   May11;101001;13.28;13.36;13.19;13.19;-0.20;9;597;+3
   Total Volume and Open Interest;;;;;;;1,986;17,462;-340
   Live Cattle(CME);;;;;;;;;
   Oct10;101001;96.730;96.900;95.785;95.950;-0.750;14,962;40,016;-2,693
   Dec10;101001;99.500;100.035;98.250;98.350;-1.250;22,180;159,493;-12
   Feb11;101001;101.600;101.950;100.000;100.035;-1.715;4,377;63,250;+327
   Apr11;101001;102.730;102.980;101.385;101.600;-1.285;1,957;43,779;+36
   Jun11;101001;99.730;99.930;98.450;98.600;-1.300;467;19,593;+52
   Aug11;101001;99.000;99.300;98.000;98.500;-0.830;239;5,605;+22
   Total Volume and Open Interest;;;;;;;44,326;336,446;-2,262
   Feeder Cattle(CME);;;;;;;;;
   Oct10;101001;111.680;112.180;111.250;111.800;+0.250;1,253;7,569;-273
   Nov10;101001;112.000;112.885;111.785;112.285;+0.250;1,714;11,450;-5
   Jan11;101001;112.885;113.700;112.800;112.980;+0.030;659;6,258;+220
   Mar11;101001;112.800;113.385;112.500;113.200;+0.500;84;2,603;+43
   Apr11;101001;112.700;113.680;112.700;112.950;+0.400;19;590;+4
   May11;101001;113.000;113.600;112.800;113.500;+0.800;6;990;-1
   Aug11;101001;114.000;114.650;114.000;114.400;+0.300;1;150;+0
   Total Volume and Open Interest;;;;;;;4,148;30,930;-13
   Lean Hogs(CME);;;;;;;;;
   Oct10;101001;77.850;78.000;76.135;76.385;-1.400;12,691;23,897;-4,295
   Dec10;101001;74.885;75.000;72.600;72.885;-2.000;30,379;107,257;-583
   Feb11;101001;77.800;77.850;76.000;76.135;-1.715;7,153;41,758;-863
   Apr11;101001;79.500;79.580;77.850;78.300;-1.250;3,528;34,002;+292
   May11;101001;83.150;83.150;81.785;82.400;-0.930;14;1,205;-1
   Jun11;101001;84.700;84.980;83.250;83.900;-1.050;3,007;22,014;+1,510
   Jul11;101001;83.230;83.400;81.725;82.600;-0.880;155;4,760;+32
   Aug11;101001;80.850;81.135;79.750;80.600;-0.800;190;3,252;+103
   Total Volume and Open Interest;;;;;;;57,118;238,850;-3,805
   Pork Bellies(CME);;;;;;;;;
   Feb11;101001;108.500;108.500;108.500;108.500;unch;0;10;+0
   Mar11;101001;109.500;109.500;109.500;109.500;unch;0;1;+0
   May11;101001;105.000;105.000;105.000;105.000;unch; ; ; 
   Jul11;101001;103.500;103.500;103.500;103.500;unch; ; ; 
   Aug11;101001;102.500;102.500;102.500;102.500;unch; ; ; 
   Total Volume and Open Interest;;;;;;;0;11;+0
   Class III Milk(CME);;;;;;;;;
   Oct10;101001;16.60;16.67;16.57;16.58;-0.04;174;5,053;-32
   Nov10;101001;15.93;16.04;15.92;16.03;+0.11;179;4,978;+17
   Dec10;101001;15.02;15.21;15.02;15.20;+0.15;200;4,570;+33
   Jan11;101001;14.35;14.51;14.35;14.48;+0.10;21;1,878;-2
   Feb11;101001;13.82;13.90;13.82;13.90;+0.04;25;1,343;+7
   Total Volume and Open Interest;;;;;;;745;27,912;+42
   Cocoa(ICE);;;;;;;;;
   Dec10;101001;2831;2896;2763;2783;-31;7,947;64,711;-808
   Mar11;101001;2855;2921;2794;2808;-33;1,960;29,727;+178
   May11;101001;2872;2932;2810;2822;-36;541;13,098;+540
   Jul11;101001;2925;2945;2833;2837;-39;127;5,189;+23
   Sep11;101001;2946;2962;2843;2851;-40;35;2,788;-19
   Dec11;101001;2978;2978;2865;2865;-39;80;5,586;+47
   Mar12;101001;2939;2939;2939;2939;-39;17;6,219;-4
   Total Volume and Open Interest;;;;;;;10,707;129,614;-43
   Coffee "C"(ICE);;;;;;;;;
   Dec10;101001;183.65;186.20;180.50;181.10;-1.95;8,664;83,659;-1,641
   Mar11;101001;184.30;187.80;182.30;182.80;-1.75;2,237;37,571;-44
   May11;101001;184.25;186.95;182.75;183.00;-1.30;1,502;9,231;-669
   Jul11;101001;183.85;185.95;182.25;182.25;-1.10;62;4,139;+4
   Sep11;101001;182.50;184.50;181.20;181.20;-0.95;79;2,362;+39
   Dec11;101001;180.25;181.20;179.25;179.25;-1.00;16;972;+5
   Total Volume and Open Interest;;;;;;;12,561;138,602;-2,305
   Orange Juice(ICE);;;;;;;;;
   Nov10;101001;156.75;157.80;154.50;155.65;-1.30;1,643;21,048;-896
   Jan11;101001;158.35;159.60;156.45;157.65;-1.25;791;8,199;+690
   Mar11;101001;159.60;160.50;158.50;158.70;-1.35;18;1,279;+8
   May11;101001;161.00;162.35;160.40;160.40;-1.25;0;376;+0
   Jul11;101001;161.55;161.55;161.55;161.55;-1.10;0;1,241;+0
   Sep11;101001;161.25;161.25;161.25;161.25;-1.00;0;17;+0
   Total Volume and Open Interest;;;;;;;2,452;32,173;-198
   Sugar #11(ICE);;;;;;;;;
   Mar11;101001;23.73;23.81;22.78;23.36;-0.12;59,376;313,782;+6,170
   May11;101001;21.97;21.97;21.10;21.56;-0.22;13,124;71,047;+273
   Jul11;101001;20.02;20.07;19.40;19.70;-0.24;6,845;92,204;-80
   Oct11;101001;18.68;18.95;18.32;18.61;-0.22;2,562;38,255;+107
   Mar12;101001;17.60;18.09;17.60;17.91;-0.05;1,800;39,871;+37
   Total Volume and Open Interest;;;;;;;110,254;603,730;-9,451
   London Cocoa(LCE);;;;;;;;;
   Dec10;101001;1921;1938;1866;1868;-42;3,542;65,697;-673
   Mar11;101001;1940;1952;1884;1886;-43;4,368;51,875;+1,884
   May11;101001;1956;1967;1900;1903;-42;1,663;19,084;+76
   Jul11;101001;1968;1975;1912;1915;-43;575;10,441;-380
   Sep11;101001;1980;1984;1924;1924;-41;264;6,050;+32
   Dec11;101001;1935;1935;1935;1935;-41;263;9,958;+79
   Mar12;101001;1955;1955;1943;1943;-43;2,120;7,459;+2,029
   Total Volume and Open Interest;;;;;;;12,795;170,564;+3,047
   London Sugar(LCE);;;;;;;;;
   Dec10;101001;622.10;624.80;602.40;620.10;+3.10;1,768;30,388;-254
   Mar11;101001;605.00;610.00;587.40;605.60;+3.80;3,241;18,135;+1,429
   May11;101001;582.50;583.60;563.10;578.10;-1.60;309;5,466;-29
   Aug11;101001;544.90;550.70;532.90;546.10;-3.60;204;4,993;+72
   Oct11;101001;503.00;509.80;497.00;507.30;-5.00;45;562;+38
   Total Volume and Open Interest;;;;;;;5,678;60,241;+1,298
   Cotton(ICE);;;;;;;;;
   Oct10;101001;103.71;103.71;99.97;99.97;-4.21;7;27;-4
   Dec10;101001;101.90;102.78;97.92;98.02;-3.90;10,573;140,840;-2,085
   Mar11;101001;100.45;101.34;96.65;96.83;-3.63;4,227;64,732;+662
   May11;101001;100.20;100.20;96.50;96.63;-3.24;428;6,659;-19
   Jul11;101001;99.40;99.40;95.85;95.95;-3.05;1,100;16,008;+164
   Oct11;101001;88.05;89.52;88.04;88.05;-1.47;0;33;+0
   Total Volume and Open Interest;;;;;;;17,178;238,517;-1,090
   Lumber(CME);;;;;;;;;
   Nov10;101001;229.0;232.4;220.0;220.0;-7.0;1,562;6,181;-747
   Jan11;101001;251.7;253.4;244.4;247.3;-6.1;1,131;2,340;+299
   Mar11;101001;266.9;266.9;258.5;260.2;-6.3;55;446;+19
   May11;101001;268.0;268.0;268.0;268.0;unch;0;3;+0
   Total Volume and Open Interest;;;;;;;2,748;8,970;-431
   Crude Oil(NYM);;;;;;;;;
   Nov10;101001;79.84;81.75;79.70;81.58;+1.61;388,993;342,688;-3,071
   Dec10;101001;80.67;82.59;80.64;82.50;+1.55;179,476;228,613;+1,237
   Jan11;101001;81.65;83.43;81.62;83.28;+1.47;66,780;104,647;+3,364
   Feb11;101001;82.43;84.10;82.43;83.95;+1.37;33,450;42,527;-73
   Mar11;101001;83.10;84.57;83.10;84.54;+1.33;23,188;60,989;-244
   Apr11;101001;83.70;85.03;83.70;85.03;+1.34;11,268;26,049;+937
   May11;101001;84.30;85.41;84.30;85.41;+1.36;7,468;18,865;+1,336
   Jun11;101001;84.37;85.75;84.37;85.74;+1.37;25,448;69,493;+1,199
   Jul11;101001;85.83;86.05;85.25;86.05;+1.36;2,492;30,214;-77
   Aug11;101001;86.05;86.32;86.05;86.32;+1.35;2,285;11,323;+603
   Sep11;101001;86.32;86.59;85.53;86.59;+1.33;4,431;14,615;+875
   Oct11;101001;86.35;86.85;86.35;86.85;+1.31;1,153;10,349;+242
   Nov11;101001;87.12;87.12;87.12;87.12;+1.29;1,144;13,346;+291
   Dec11;101001;85.90;87.43;85.90;87.43;+1.28;29,787;122,464;+2,091
   Jan12;101001;87.50;87.58;87.50;87.58;+1.27;496;12,737;+123
   Feb12;101001;87.73;87.73;87.73;87.73;+1.26;250;4,856;+65
   Total Volume and Open Interest;;;;;;;794,709;1,344,508;+11,753
   e-miNY Crude Oil(NYM);;;;;;;;;
   Oct10;100831;74.075;74.750;71.525;71.925;-2.775;11,460;6,540;+443
   Nov10;101001;79.825;81.775;79.700;81.575;+1.600;16,693;3,198;-1,443
   Dec10;101001;80.750;82.750;80.750;82.500;+1.550;1,074;2,551;+351
   Jan11;101001;81.950;83.500;81.950;83.275;+1.475;172;948;+104
   Feb11;101001;83.650;83.950;83.650;83.950;+1.375;223;229;+221
   Mar11;101001;84.550;84.550;84.550;84.550;+1.350;0;6;+0
   Apr11;101001;83.925;85.025;83.925;85.025;+1.325;2;3;+0
   May11;101001;85.400;85.400;85.400;85.400;+1.350;0;1;+0
   Jun11;101001;85.750;85.750;85.750;85.750;+1.375;1;5;+1
   Jul11;101001;86.050;86.050;86.050;86.050;+1.350;0;1;+0
   Total Volume and Open Interest;;;;;;;18,173;7,074;-758
   Heating Oil(NYM);;;;;;;;;
   Nov10;101001;226.49;229.65;226.05;229.38;+2.60;62,583;102,904;+6,892
   Dec10;101001;227.63;231.30;227.47;230.99;+2.75;25,761;76,618;+3,462
   Jan11;101001;231.20;233.27;230.24;233.01;+2.83;10,807;45,256;+871
   Feb11;101001;232.42;234.17;231.72;234.05;+2.79;4,642;13,758;-149
   Mar11;101001;233.60;234.12;231.57;233.92;+2.63;3,491;12,969;-395
   Apr11;101001;233.00;233.27;232.05;233.16;+2.59;1,183;9,783;-56
   May11;101001;232.00;233.01;231.25;233.01;+2.68;1,624;9,028;+366
   Jun11;101001;230.03;233.38;230.02;233.29;+2.76;3,717;24,050;+124
   Jul11;101001;233.67;234.34;233.67;234.34;+2.78;986;4,904;+308
   Aug11;101001;234.88;235.47;234.88;235.47;+2.77;229;2,374;+6
   Sep11;101001;236.41;236.94;236.41;236.94;+2.71;230;2,462;+66
   Oct11;101001;238.83;238.83;238.83;238.83;+2.71;348;1,291;+74
   Total Volume and Open Interest;;;;;;;137,095;334,466;+6,122
   Gasoline(NYMEX);;;;;;;;;
   Nov10;101001;203.20;209.32;203.01;208.61;+5.00;59,384;98,482;+256
   Dec10;101001;203.70;209.22;203.64;208.64;+4.40;26,253;45,945;+1,235
   Jan11;101001;207.00;210.73;206.71;210.50;+4.14;9,586;24,651;-97
   Feb11;101001;212.05;212.86;210.30;212.74;+4.09;3,260;8,459;+711
   Mar11;101001;211.30;215.09;211.24;214.99;+4.04;2,711;9,706;-86
   Apr11;101001;223.12;226.55;223.12;226.42;+3.82;864;13,579;+290
   May11;101001;223.67;227.02;223.40;227.02;+3.66;310;4,639;-49
   Jun11;101001;223.87;227.40;223.81;227.40;+3.52;797;9,538;+124
   Jul11;101001;227.12;227.12;227.12;227.12;+3.40;160;2,397;-3
   Aug11;101001;226.82;226.82;226.82;226.82;+3.30;77;4,115;+0
   Total Volume and Open Interest;;;;;;;123,844;237,029;-5,885
   e-miNY RBOB Gasoline(NYM);;;;;;;;;
   Nov10;101001;208.60;208.61;208.60;208.60;+5.00;0;2;+0
   Dec10;101001;208.60;208.64;208.60;208.60;+4.40;0;1;+0
   Jan11;101001;210.50;210.50;210.50;210.50;+4.10;0;1;+0
   Feb11;101001;212.70;212.74;212.70;212.70;+4.00;0;1;+0
   Total Volume and Open Interest;;;;;;;0;9;-1
   Natural Gas(NYM);;;;;;;;;
   Nov10;101001;3.861;3.870;3.788;3.797;-0.075;67,646;219,709;-2,587
   Dec10;101001;4.120;4.123;4.060;4.077;-0.045;23,235;78,245;+934
   Jan11;101001;4.295;4.295;4.230;4.261;-0.033;16,318;110,204;-1,629
   Feb11;101001;4.302;4.306;4.247;4.283;-0.030;5,722;30,282;+500
   Mar11;101001;4.240;4.260;4.200;4.232;-0.027;7,243;54,577;+944
   Apr11;101001;4.201;4.219;4.170;4.198;-0.022;7,971;59,051;+124
   May11;101001;4.226;4.254;4.208;4.234;-0.021;1,802;20,228;-243
   Jun11;101001;4.301;4.306;4.269;4.299;-0.017;923;9,458;+150
   Jul11;101001;4.348;4.385;4.345;4.375;-0.012;849;8,721;+21
   Aug11;101001;4.397;4.438;4.389;4.427;-0.008;1,116;8,326;+40
   Sep11;101001;4.407;4.452;4.407;4.448;-0.009;777;8,227;+121
   Oct11;101001;4.527;4.536;4.494;4.525;-0.010;2,387;28,233;+685
   Nov11;101001;4.748;4.781;4.746;4.776;+0.001;1,345;8,367;+143
   Dec11;101001;5.040;5.084;5.040;5.081;+0.013;696;15,600;+68
   Jan12;101001;5.253;5.278;5.218;5.270;+0.015;1,005;18,997;+276
   Feb12;101001;5.220;5.250;5.210;5.241;+0.017;341;5,725;+56
   Total Volume and Open Interest;;;;;;;140,020;773,307;-268
   Brent Crude Oil(ICE);;;;;;;;;
   Nov10;101001;82.21;83.81;82.21;83.75;+1.44;183,855;172,756;+2,274
   Dec10;101001;82.49;84.07;82.49;84.02;+1.43;114,054;208,484;+9,224
   Jan11;101001;82.92;84.42;82.92;84.39;+1.42;35,941;75,550;+2,151
   Feb11;101001;83.36;84.80;83.36;84.78;+1.39;17,177;53,441;+3,244
   Mar11;101001;83.85;85.22;83.85;85.19;+1.37;12,561;28,373;-80
   Apr11;101001;84.22;85.61;84.22;85.60;+1.36;9,674;19,798;-479
   May11;101001;84.62;85.99;84.62;85.99;+1.33;7,867;20,317;+988
   Jun11;101001;84.98;86.36;84.98;86.35;+1.33;15,278;34,041;+17
   Jul11;101001;85.71;86.66;85.66;86.66;+1.31;2,326;7,142;+244
   Aug11;101001;86.94;86.94;86.94;86.94;+1.30;1,613;7,669;+252
   Sep11;101001;87.21;87.21;87.21;87.21;+1.29;1,849;6,297;+337
   Oct11;101001;87.47;87.47;87.47;87.47;+1.29;1,407;5,021;+396
   Nov11;101001;87.73;87.73;87.73;87.73;+1.29;719;8,316;+126
   Dec11;101001;87.00;88.01;86.97;87.99;+1.27;14,403;63,977;-165
   Total Volume and Open Interest;;;;;;;421,883;794,746;+20,557
   Gas Oil(ICE);;;;;;;;;
   Oct10;101001;716.00;725.50;715.00;719.75;+13.00;38,150;89,722;-5,258
   Nov10;101001;712.25;723.00;712.25;717.00;+13.00;76,530;119,068;+3,132
   Dec10;101001;713.50;723.25;712.50;717.25;+13.00;46,353;112,475;+2,179
   Jan11;101001;720.25;726.00;717.50;720.25;+13.00;8,623;61,266;+1,829
   Feb11;101001;722.50;727.50;720.75;722.75;+13.00;4,433;32,388;-583
   Mar11;101001;724.25;730.00;723.50;725.25;+13.25;2,671;21,803;-391
   Apr11;101001;726.25;731.50;726.00;727.25;+13.25;2,167;26,321;+219
   May11;101001;731.75;732.25;728.50;729.50;+13.25;1,208;19,113;+258
   Jun11;101001;727.50;737.00;727.50;732.25;+13.25;7,743;52,400;-760
   Jul11;101001;737.00;737.00;735.50;736.25;+13.25;778;13,759;-60
   Total Volume and Open Interest;;;;;;;198,084;673,309;+2,190
   Ethanol(CBOT);;;;;;;;;
   Oct10;101001;1.916;1.940;1.910;1.910;-0.084;109;163;-32
   Nov10;101001;1.900;1.900;1.835;1.842;-0.077;168;976;-65
   Dec10;101001;1.887;1.892;1.832;1.832;-0.073;112;1,947;-35
   Jan11;101001;1.830;1.847;1.830;1.844;-0.058;50;1,261;-42
   Feb11;101001;1.854;1.854;1.854;1.854;-0.051;39;927;-3
   Mar11;101001;1.855;1.855;1.841;1.855;-0.055;10;784;+0
   Apr11;101001;1.858;1.858;1.858;1.858;-0.067;68;723;-15
   May11;101001;1.855;1.880;1.855;1.874;-0.070;59;412;+53
   Total Volume and Open Interest;;;;;;;696;10,000;-138
   WTI Crude Oil(ICE;;;;;;;;;
   Nov10;101001;79.90;81.73;79.90;81.58;+1.61;98,924;86,191;-2,435
   Dec10;101001;80.96;82.66;80.96;82.50;+1.55;58,523;121,446;+1,536
   Jan11;101001;81.86;83.38;81.86;83.28;+1.47;22,302;39,125;+1,155
   Feb11;101001;83.06;84.01;82.90;83.95;+1.37;8,579;27,424;+1,923
   Mar11;101001;83.66;84.54;83.55;84.54;+1.33;6,124;30,002;+1,527
   Apr11;101001;84.11;85.03;84.02;85.03;+1.34;3,020;13,393;+1,519
   May11;101001;84.46;85.41;84.46;85.41;+1.36;1,950;6,227;+151
   Jun11;101001;84.75;85.74;84.75;85.74;+1.37;8,444;34,798;+1,616
   Jul11;101001;85.66;86.05;85.16;86.05;+1.36;424;11,779;-72
   Aug11;101001;86.32;86.32;86.32;86.32;+1.35;634;6,893;+41
   Sep11;101001;86.59;86.59;86.59;86.59;+1.33;925;7,935;+871
   Oct11;101001;86.85;86.85;86.85;86.85;+1.31;180;3,178;+24
   Nov11;101001;87.12;87.12;87.12;87.12;+1.29;127;5,811;-29
   Dec11;101001;86.50;87.43;86.50;87.43;+1.28;11,367;51,639;+2,642
   Jan12;101001;87.58;87.58;87.58;87.58;+1.27;14;4,477;+0
   Feb12;101001;87.73;87.73;87.73;87.73;+1.26;5;707;+0
   Total Volume and Open Interest;;;;;;;223,190;519,471;+12,150
   US Dollar Index(ICE);;;;;;;;;
   Dec10;101001;78.990;79.015;78.230;78.312;-0.625;19,279;32,979;+353
   Mar11;101001;79.010;79.010;78.652;78.652;-0.615;13;520;+1
   Jun11;101001;79.073;79.073;79.073;79.073;-0.615;0;2;+0
   Total Volume and Open Interest;;;;;;;19,292;33,501;+354
   Australian Dollar(CME);;;;;;;;;
   Dec10;101001;95.78;96.67;95.54;96.36;+0.50;73,794;137,926;+758
   Mar11;101001;94.75;95.46;94.68;95.23;+0.48;22;313;-4
   Jun11;101001;94.10;94.10;93.64;94.10;+0.46;0;152;+0
   Total Volume and Open Interest;;;;;;;73,816;138,400;+754
   British Pound(CME);;;;;;;;;
   Dec10;101001;157.08;158.67;156.97;158.26;+1.19;85,263;78,728;+1,260
   Mar11;101001;157.50;158.30;156.97;158.16;+1.19;11;239;-1
   Jun11;101001;158.05;158.05;156.86;158.05;+1.19;0;4;+0
   Total Volume and Open Interest;;;;;;;85,274;78,972;+1,259
   Canadian Dollar(CME);;;;;;;;;
   Dec10;101001;96.91;98.01;96.80;97.98;+0.85;80,542;97,225;-1,096
   Mar11;101001;96.72;97.76;96.72;97.76;+0.85;97;2,222;+38
   Jun11;101001;97.30;97.54;96.66;97.54;+0.88;2;633;+2
   Sep11;101001;96.95;97.27;96.39;97.27;+0.88;9;106;+0
   Total Volume and Open Interest;;;;;;;80,650;100,204;-1,056
   Japanese Yen(CME);;;;;;;;;
   Dec10;101001;119.87;120.35;119.73;120.07;+0.06;80,642;120,942;+3,116
   Mar11;101001;119.98;120.48;119.98;120.23;+0.06;42;386;+14
   Jun11;101001;120.41;120.41;120.34;120.41;+0.07;0;73;-1
   Total Volume and Open Interest;;;;;;;80,684;121,403;+3,129
   Swiss Franc(CME);;;;;;;;;
   Dec10;101001;101.81;102.93;101.65;102.61;+0.66;31,043;52,860;-530
   Mar11;101001;102.10;102.76;101.96;102.70;+0.66;28;61;+2
   Jun11;101001;102.80;102.80;102.14;102.80;+0.66;0;1;+0
   Total Volume and Open Interest;;;;;;;31,071;52,924;-528
   EuroFX(CME);;;;;;;;;
   Dec10;101001;136.24;137.86;136.11;137.72;+1.38;335,517;187,355;-1,472
   Mar11;101001;136.03;137.74;136.03;137.61;+1.37;601;1,359;+221
   Jun11;101001;137.47;137.49;136.10;137.49;+1.39;2;59;+1
   Total Volume and Open Interest;;;;;;;336,120;188,789;-1,250
   Mexican Peso(CME);;;;;;;;;
   Oct10;101001;797.5;797.5;794.5;797.5;+3.0; ; ; 
   Nov10;101001;794.5;794.5;791.5;794.5;+3.0;4;4;+4
   Total Volume and Open Interest;;;;;;;21,301;124,174;+593
   30-Year T-Bonds(CBOT);;;;;;;;;
   Dec10;101001;133~080;133~190;133~080;133~120;-0~110; ; ; 
   Mar11;101001;132~230;132~230;131~270;132~050;-0~120;93;295;+31
   Jun11;101001;130~310;131~110;130~310;130~310;-0~120; ; ; 
   Total Volume and Open Interest;;;;;;;247,489;666,343;+825
   10-Year T-Notes(CBOT);;;;;;;;;
   Dec10;101001;126~035;126~080;125~185;126~025;+0~010;1,195,434;1,702,388;+63,511
   Mar11;101001;125~150;125~190;125~100;125~155;+0~010;117;1,545;+82
   Jun11;101001;124~180;124~180;124~170;124~180;+0~010;16;35;+0
   Total Volume and Open Interest;;;;;;;1,195,567;1,703,968;+63,593
   5-Year T-Notes(CBOT);;;;;;;;;
   Dec10;101001;120~118;120~118;120~116;120~116;+0~005;385,932;942,568;+8,552
   Mar11;101001;120~032;120~032;120~027;120~032;+0~005; ; ; 
   Jun11;101001;119~056;119~056;119~051;119~056;+0~005; ; ; 
   Total Volume and Open Interest;;;;;;;389,029;944,108;+2,197
   2 Year T-Notes(CBOT);;;;;;;;;
   Dec10;101001;109~097;109~097;109~097;109~097;+0~002;155,214;730,542;+8,764
   Mar11;101001;109~083;109~083;109~083;109~083;unch; ; ; 
   Jun11;101001;109~035;109~035;109~035;109~035;unch; ; ; 
   Total Volume and Open Interest;;;;;;;156,327;731,915;+8,342
   Eurodollars(CME);;;;;;;;;
   Dec10;101001;99.640;99.645;99.625;99.630;-0.010;163,094;1,139,604;+9,393
   Mar11;101001;99.585;99.590;99.555;99.565;-0.025;176,654;1,201,018;+19,340
   Jun11;101001;99.515;99.515;99.475;99.490;-0.025;127,476;885,735;-3,048
   Sep11;101001;99.420;99.420;99.385;99.400;-0.020;128,971;868,509;+7,035
   Dec11;101001;99.300;99.300;99.255;99.285;-0.015;178,979;888,986;+10,965
   Mar12;101001;99.165;99.165;99.115;99.155;-0.010;137,113;525,277;+2,728
   Jun12;101001;99.015;99.020;98.955;99.005;-0.010;108,055;402,090;-1,768
   Sep12;101001;98.870;98.875;98.795;98.855;-0.010;110,984;333,695;-2,098
   Dec12;101001;98.690;98.705;98.615;98.675;-0.015;100,193;251,670;+6,306
   Mar13;101001;98.525;98.540;98.445;98.510;-0.015;85,597;240,610;+3,382
   Jun13;101001;98.335;98.355;98.250;98.320;-0.015;45,140;138,616;+4,453
   Sep13;101001;98.150;98.165;98.060;98.130;-0.015;58,621;148,959;+10,375
   Dec13;101001;97.950;97.965;97.865;97.930;-0.015;29,689;114,196;+2,796
   Mar14;101001;97.770;97.790;97.685;97.755;-0.010;28,655;98,240;+1,329
   Jun14;101001;97.565;97.590;97.495;97.560;-0.005;47,853;88,483;+10,750
   Sep14;101001;97.380;97.380;97.295;97.360;-0.005;20,785;55,207;+3,928
   Dec14;101001;97.180;97.180;97.090;97.155;-0.005;15,348;73,031;+3,441
   Mar15;101001;96.995;97.010;96.920;96.990;-0.005;11,358;42,856;+1,980
   Total Volume and Open Interest;;;;;;;1,640,979;7,763,881;+96,340
   30 Day Federal Funds(CBOT);;;;;;;;;
   Oct10;101001;99.805;99.805;99.800;99.805;unch;3,987;66,466;+159
   Nov10;101001;99.815;99.815;99.810;99.815;unch;3,081;91,493;+705
   Dec10;101001;99.825;99.825;99.820;99.825;unch;1,787;79,011;-596
   Jan11;101001;99.830;99.835;99.825;99.830;unch;7,229;62,552;+1,106
   Feb11;101001;99.825;99.830;99.820;99.825;unch;3,524;57,257;+674
   Mar11;101001;99.820;99.825;99.820;99.825;unch;1,127;31,125;-319
   Total Volume and Open Interest;;;;;;;39,132;627,160;+4,999
   30 Day Fed Funds(e-CBOT);;;;;;;;;
   Oct10;090519;98.820;98.820;98.810;98.820;unch;0;454; 
   Nov10;090519;98.660;98.660;98.660;98.660;unch;0;1,342; 
   Dec10;090519;98.590;98.590;98.565;98.565;unch;0;330; 
   Jan11;090519;98.500;98.500;98.475;98.475;unch;0;1,177; 
   Feb11;090519;98.350;98.350;98.330;98.350;unch;0;1,700; 
   Mar11;090519;98.265;98.265;98.240;98.265;unch;0;324; 
   Total Volume and Open Interest;;;;;;;22,142;354,023; 
   3-Mth Euro-Yen(CME);;;;;;;;;
   Dec10;101001;99.690;99.692;99.690;99.692;+0.005;0;2,609;+0
   Mar11;101001;99.715;99.715;99.715;99.715;+0.002;0;367;-250
   Jun11;101001;99.730;99.730;99.730;99.730;+0.003; ; ; 
   Sep11;101001;99.725;99.725;99.725;99.725;+0.002;0;1;+0
   Dec11;101001;99.720;99.720;99.720;99.720;unch; ; ; 
   Mar12;101001;99.710;99.710;99.710;99.710;unch; ; ; 
   Jun12;101001;99.760;99.760;99.760;99.760;unch; ; ; 
   Sep12;101001;99.775;99.775;99.775;99.775;unch; ; ; 
   Dec12;101001;99.470;99.470;99.470;99.470;unch; ; ; 
   Mar13;101001;99.470;99.470;99.470;99.470;unch; ; ; 
   Total Volume and Open Interest;;;;;;;0;2,977;-250
   3-Mth Euro-Yen(SGX);;;;;;;;;
   Dec10;101001;99.69;99.69;99.69;99.69;+0.00;180;2,972;+0
   Mar11;101001;99.71;99.71;99.71;99.71;+0.00;0;1,311;+0
   Jun11;101001;99.73;99.73;99.73;99.73;+0.00;0;3,150;+0
   Sep11;101001;99.72;99.72;99.72;99.72;+0.00;0;835;+0
   Dec11;101001;99.72;99.72;99.72;99.72;unch;0;110;+0
   Mar12;101001;99.71;99.71;99.71;99.71;unch;0;305;+0
   Jun12;101001;99.76;99.76;99.76;99.76;unch;0;754;+0
   Sep12;101001;99.78;99.78;99.78;99.78;unch;0;310;+0
   Total Volume and Open Interest;;;;;;;180;9,749;+0
   Japanese Gov't Bonds(SGX);;;;;;;;;
   Dec10;101001;143.32;143.37;143.22;143.36;+0.51;1,761;20,677;+511
   Mar11;101001;141.27;141.27;141.27;141.27;-0.04; ; ; 
   Jun11;101001;139.18;139.18;139.18;139.18;-0.04; ; ; 
   Total Volume and Open Interest;;;;;;;2,346;21,925;+40
   Euro-Bund(EUREX);;;;;;;;;
   Dec10;101001;131.54;131.57;130.63;131.31;-0.12;952,075;896,576;-16,010
   Mar11;101001;131.57;131.57;130.98;131.48;-0.11;562;2,837;+274
   Jun11;101001;130.31;130.31;130.31;130.31;-0.12;14;0;-300
   Total Volume and Open Interest;;;;;;;952,651;899,413;-16,036
   Euro-Bobl(EUREX);;;;;;;;;
   Dec10;101001;120.57;120.60;120.23;120.51;-0.10;436,035;722,152;+5,293
   Mar11;101001;120.48;120.48;120.48;120.48;-0.08;5,295;45,985;+5,198
   Jun11;101001;120.35;120.35;120.35;120.35;-0.10; ; ; 
   Total Volume and Open Interest;;;;;;;441,330;768,137;+10,491
   3-Mth Euribor(EUREX);;;;;;;;;
   Dec10;101001;98.925;98.925;98.895;98.915;-0.025;104;4,156;-28
   Mar11;101001;98.800;98.835;98.795;98.830;unch;65;2,684;+42
   Jun11;101001;98.715;98.760;98.715;98.760;+0.015;33;3,435;+6
   Total Volume and Open Interest;;;;;;;209;11,796;+26
   Long Gilt(LIFFE);;;;;;;;;
   Dec10;101001;124~11;124~14;123~16;124~05;-0~05;87,707;274,920;+6,934
   Mar11;101001;123~04;123~04;123~04;123~04;-0~05; ; ; 
   Total Volume and Open Interest;;;;;;;87,707;274,920;+1,262
   3-Mth Short Sterling(LIFFE);;;;;;;;;
   Dec10;101001;99.23;99.24;99.21;99.22;-0.01;23,312;354,760;+3,799
   Mar11;101001;99.19;99.20;99.16;99.18;-0.01;33,748;307,425;+12,127
   Jun11;101001;99.10;99.11;99.07;99.10;unch;33,624;263,444;+2,626
   Sep11;101001;98.98;99.01;98.95;98.99;unch;54,400;337,881;+15,758
   Dec11;101001;98.84;98.86;98.81;98.84;-0.01;49,806;438,296;+9,433
   Mar12;101001;98.68;98.70;98.66;98.68;-0.01;34,839;254,963;+1,862
   Total Volume and Open Interest;;;;;;;288,233;2,314,704;+51,011
   3-Mth Euribor(LIFFE);;;;;;;;;
   Dec10;101001;98.915;98.930;98.880;98.915;-0.025;210,911;579,773;-18,331
   Mar11;101001;98.800;98.845;98.785;98.830;-0.005;218,031;597,008;+23,850
   Jun11;101001;98.710;98.780;98.690;98.760;+0.010;187,542;448,835;+5,827
   Total Volume and Open Interest;;;;;;;1,206,598;3,106,021;+37,177
   3-Mth Aus T-Bills(SFE);;;;;;;;;
   Dec10;101001;94.93;94.93;94.88;94.89;-0.05;17,345;185,488;+4,038
   Mar11;101001;94.84;94.84;94.78;94.80;-0.05;27,615;127,292;+9,642
   Jun11;101001;94.78;94.78;94.72;94.73;-0.06;9,362;76,749;+279
   Sep11;101001;94.75;94.75;94.68;94.70;-0.06;4,514;52,661;+494
   Dec11;101001;94.73;94.73;94.65;94.66;-0.07;2,767;33,191;+733
   Mar12;101001;94.68;94.72;94.64;94.64;-0.07;1,251;34,694;+763
   Jun12;101001;94.68;94.70;94.63;94.63;-0.06;219;20,190;-145
   Sep12;101001;94.62;94.62;94.62;94.62;-0.07;107;6,341;-459
   Dec12;101001;94.62;94.62;94.62;94.62;-0.06;105;1,342;-105
   Mar13;101001;94.61;94.61;94.61;94.61;-0.08;0;1,095;+0
   Total Volume and Open Interest;;;;;;;63,295;539,111;+15,250
   10-Year Aus T-Bonds(SFE);;;;;;;;;
   Dec10;101001;95.01;95.01;94.91;94.91;-0.10;53,817;361,235;+13,943
   Mar11;101001;94.91;94.91;94.91;94.91;-0.10; ; ; 
   Total Volume and Open Interest;;;;;;;53,817;361,235;+13,943
   3-Year Aus T-Bonds(SFE);;;;;;;;;
   Dec10;101001;95.18;95.18;95.10;95.11;-0.07;155,290;467,291;+34,016
   Mar11;101001;95.11;95.11;95.11;95.11;-0.07; ; ; 
   Total Volume and Open Interest;;;;;;;155,290;467,291;+34,016
   Gold(CMX);;;;;;;;;
   Oct10;101001;1309.0;1320.0;1309.0;1316.1;+8.3;6,745;6,521;-4,982
   Dec10;101001;1309.6;1322.0;1307.3;1317.8;+8.2;118,743;429,432;-9
   Feb11;101001;1309.8;1323.7;1309.8;1319.6;+8.2;5,098;32,318;+1,750
   Apr11;101001;1319.3;1324.6;1319.3;1321.1;+8.2;474;17,519;+169
   Jun11;101001;1314.7;1325.8;1314.7;1322.8;+8.3;418;16,769;-126
   Aug11;101001;1325.0;1327.2;1323.1;1324.6;+8.4;585;10,835;+388
   Oct11;101001;1318.1;1328.1;1318.1;1326.4;+8.5;9;7,905;+0
   Dec11;101001;1322.3;1330.2;1322.3;1328.3;+8.6;1,213;17,711;-98
   Feb12;101001;1330.5;1330.5;1330.5;1330.5;+8.7;41;6,737;+7
   Apr12;101001;1332.8;1332.8;1332.8;1332.8;+8.8;0;6,285;+0
   Jun12;101001;1335.2;1335.2;1335.2;1335.2;+8.9;50;10,035;+15
   Aug12;101001;1338.0;1338.0;1338.0;1338.0;+9.0; ; ; 
   Total Volume and Open Interest;;;;;;;139,351;617,188; 
   Silver(CMX);;;;;;;;;
   Dec10;101001;2177.0;2217.0;2172.5;2206.0;+23.9;39,296;106,743;-1,153
   Mar11;101001;2190.0;2222.0;2190.0;2211.2;+24.0;3,171;17,955;+829
   May11;101001;2208.5;2219.5;2205.0;2214.0;+24.1;1,255;8,904;+202
   Jul11;101001;2213.0;2222.0;2213.0;2216.8;+24.4;121;6,469;+2
   Sep11;101001;2222.5;2222.5;2219.2;2219.2;+24.5;14;3,652;-2
   Dec11;101001;2207.0;2232.5;2207.0;2223.0;+24.8;199;4,636;+17
   Mar12;101001;2226.5;2226.5;2226.5;2226.5;+24.8;65;194;+65
   Total Volume and Open Interest;;;;;;;44,428;154,254;+44
   Platinum(NYMEX);;;;;;;;;
   Oct10;101001;1658.6;1681.0;1658.6;1675.9;+23.9;2,694;773;-1,827
   Jan11;101001;1660.0;1689.4;1659.0;1682.1;+23.5;5,639;36,923;+1,524
   Apr11;101001;1683.8;1689.1;1682.5;1684.4;+23.2;115;549;+29
   Jul11;101001;1687.7;1687.7;1687.7;1687.7;+23.2;0;3;+0
   Total Volume and Open Interest;;;;;;;8,448;38,249;-274
   Palladium(NYMEX);;;;;;;;;
   Dec10;101001;565.15;580.00;565.10;574.90;+3.65;2,638;23,546;+39
   Mar11;101001;572.40;579.00;572.40;576.40;+4.00;6;653;+1
   Jun11;101001;577.35;577.35;577.35;577.35;+4.00;0;13;+0
   Total Volume and Open Interest;;;;;;;2,644;24,212;+40
   Copper(CMX);;;;;;;;;
   Dec10;101001;365.50;372.20;365.35;369.05;+3.90;26,056;94,018;-208
   Mar11;101001;366.50;372.70;366.50;369.95;+3.80;1,754;30,535;+167
   May11;101001;371.35;371.35;369.85;369.85;+3.80;43;5,816;-3
   Jul11;101001;370.60;370.60;369.30;369.30;+3.75;76;3,315;+12
   Sep11;101001;368.45;368.70;368.45;368.70;+3.95;16;3,164;+2
   Total Volume and Open Interest;;;;;;;28,633;147,647;+45
   DJIA Index(CBOT);;;;;;;;;
   Dec10;101001;10730;10795;10720;10768;+45;326;4,102;+133
   Mar11;101001;10690;10702;10657;10702;+45;0;11;+0
   Jun11;101001;10645;10645;10600;10645;+45; ; ; 
   Sep11;101001;10588;10588;10543;10588;+45; ; ; 
   Total Volume and Open Interest;;;;;;;326;4,113;+133
   S & P 500(CME);;;;;;;;;
   Dec10;101001;1136.00;1146.30;1134.70;1142.30;+5.60;12,759;293,447;+362
   Mar11;101001;1137.00;1137.00;1136.90;1137.00;+5.60;0;2,712;+0
   Jun11;101001;1132.20;1132.20;1132.10;1132.20;+5.60;0;1,473;+0
   Sep11;101001;1127.70;1127.70;1127.60;1127.70;+5.60; ; ; 
   Total Volume and Open Interest;;;;;;;12,759;297,632;+362
   S & P 500 E-Mini(Globex);;;;;;;;;
   Dec10;101001;1135.75;1146.50;1134.50;1142.25;+6.50; ; ; 
   Mar11;101001;1130.50;1140.25;1130.25;1137.00;+5.50;394;4,110;-44
   Total Volume and Open Interest;;;;;;;1,861,028;2,586,425;+15,710
   NASDAQ 100(CME);;;;;;;;;
   Dec10;101001;1995.50;2014.50;1985.50;1994.50;-1.00;2,065;14,580;+1,624
   Mar11;101001;1991.80;2005.00;1989.00;1991.80;-1.00;0;2;+0
   Jun11;101001;1989.30;1989.30;1988.30;1989.30;-1.00; ; ; 
   Total Volume and Open Interest;;;;;;;2,065;14,582;+1,624
   NASDAQ 100 E-Mini(Globex);;;;;;;;;
   Dec10;101001;1995.80;2015.50;1985.00;1994.50;-1.00;274,660;423,234;+10,593
   Mar11;101001;1997.30;2010.00;1989.30;1991.80;-1.00;623;460;+295
   Total Volume and Open Interest;;;;;;;275,283;423,695;+10,888
   S & P Midcap 400(CME);;;;;;;;;
   Dec10;101001;807.00;807.00;796.00;801.60;+1.50;37;949;+1
   Mar11;101001;799.60;799.60;799.60;799.60;+1.50; ; ; 
   Jun11;101001;797.60;797.60;797.60;797.60;+1.50; ; ; 
   Total Volume and Open Interest;;;;;;;37;949;+1
   Russell 2000 E-Mini(Globex);;;;;;;;;
   Nikkei 225(CME);;;;;;;;;
   Dec10;101001;9445;9510;9395;9470;+25;8,827;30,204;-1,214
   Mar11;101001;9500;9500;9475;9500;+25; ; ; 
   Total Volume and Open Interest;;;;;;;8,827;30,204;-1,214
   Nikkei 225(SGX);;;;;;;;;
   Dec10;101001;9445;9480;9360;9385;-5;123,586;165,045;+4,415
   Mar11;101001;9425;9445;9360;9375;-5;75;302;+16
   Jun11;101001;9310;9310;9310;9310;-5;0;2,086;+0
   Total Volume and Open Interest;;;;;;;124,116;176,473;+4,398
   CAC 40(EURONEXT);;;;;;;;;
   Oct10;101001;3731.0;3755.5;3672.0;3693.0;-17.0;148,727;380,232;-13,923
   Nov10;101001;3712.0;3732.0;3663.0;3675.0;-17.0;80;10,572;-6
   Dec10;101001;3709.5;3728.0;3656.5;3673.5;-17.0;181;38,078;+147
   Total Volume and Open Interest;;;;;;;148,988;428,977;-13,782
   Hang Seng Index(HKFE);;;;;;;;;
   Oct10;100930;22318;22395;22216;22328;-19;73,109;108,463;+5,891
   Nov10;100930;22291;22350;22188;22298;unch;0;372; 
   Dec10;100930;22278;22350;22185;22286;-24;1,035;3,431;-12
   Total Volume and Open Interest;;;;;;;163,311;136,991;-21,631
   DAX(EUREX);;;;;;;;;
   Dec10;101001;6250.0;6304.0;6195.0;6212.0;-29.0;174,139;161,582;-1,216
   Mar11;101001;6273.5;6312.5;6212.0;6225.0;-29.0;307;7,339;+112
   Jun11;101001;6281.5;6330.0;6236.5;6242.0;-29.0;72;1,076;+20
   Total Volume and Open Interest;;;;;;;174,518;169,997;-1,084
   FT-SE 100(EURONEXT);;;;;;;;;
   Dec10;101001;5559.50;5595.50;5538.00;5558.00;+28.50;110,877;611,539;-4,450
   Mar11;101001;5532.00;5547.00;5501.00;5516.50;+28.50;3;1,330;+1
   Jun11;101001;5472.00;5472.00;5472.00;5472.00;+28.50;0;265;+0
   Total Volume and Open Interest;;;;;;;110,880;613,134;-4,449
   SPI 200(SFE);;;;;;;;;
   Dec10;101001;4600.0;4659.0;4576.0;4586.0;-14.0;49,618;214,663;+10,341
   Mar11;101001;4601.0;4629.0;4580.0;4580.0;-15.0;14;1,465;+3
   Jun11;101001;4640.0;4640.0;4600.0;4600.0;-15.0;0;835;+0
   Total Volume and Open Interest;;;;;;;49,741;218,318;+10,421
   GSCI(CME);;;;;;;;;
   Oct10;101001;552.00;552.25;547.65;549.00;+2.00;222;12,042;+86
   Nov10;101001;556.00;557.00;552.25;553.50;+2.00;0;1,334;+0
   Dec10;101001;562.30;562.35;558.50;559.85;+2.35; ; ; 
   Total Volume and Open Interest;;;;;;;222;13,376;+86
   Reuters CCI(ICE);;;;;;;;;
Table found at 1;2:
   
Disclaimer: The above quotes are drawn from sources believed to be reliable.  Moore Research Center, Inc. assumes no responsiblity for any errors or omissions.
Table found at 1;3:
   Copyright © 1989-var today = new Date(); document.writeln(today.getYear()<1000?today.getYear()+1900:today.getYear()); Moore Research Center, Inc. All Rights Reserved.
Table found at 0;0:
   




 
 
 
 
 
 
 






;


